###### Camera Calibration File For Cam 0 of Euroc Datasets ######
image_width: 752
image_height: 480
camera_name: cam0
camera_matrix:
  rows: 3
  cols: 3
  data: [720.1631866114742, 0.0, 376.37959794939815, 0.0, 715.4985685756523, 211.46989562296548, 0.0, 0.0, 1.0]
distortion_model: equidistant
distortion_coefficients:
  rows: 1
  cols: 4
  data: [-0.0919071221925, -0.0392126894343, 0.0274616381753, -0.00922196576225]

###### Original Calibration File ######
## General sensor definitions.
#sensor_type: camera
#comment: VI-Sensor cam0 (MT9M034)
#
## Sensor extrinsics wrt. the body-frame.
#T_BS:
#  cols: 4
#  rows: 4
#  data: [0.0148655429818, -0.999880929698, 0.00414029679422, -0.0216401454975,
#         0.999557249008, 0.0149672133247, 0.025715529948, -0.064676986768,
#        -0.0257744366974, 0.00375618835797, 0.999660727178, 0.00981073058949,
#         0.0, 0.0, 0.0, 1.0]
#
## Camera specific definitions.
#rate_hz: 20
#resolution: [752, 480]
#camera_model: pinhole
#intrinsics: [458.654, 457.296, 367.215, 248.375] #fu, fv, cu, cv
#distortion_model: radial-tangential
#distortion_coefficients: [-0.28340811, 0.07395907, 0.00019359, 1.76187114e-05]
