###### Camera Calibration File For Cam 0 of Euroc Datasets ######
image_width: 752
image_height: 480
camera_name: cam1
camera_matrix:
  rows: 3
  cols: 3
  data: [721.3183014373152, 0.0, 383.69448160474326, 0.0, 721.3554510675314, 290.94899477161863, 0.0, 0.0, 1.0]
distortion_model: radtan
distortion_coefficients:
  rows: 1
  cols: 4
  data: [0.18594900087394176, -0.5165478527582268, -3.916517484546561e-05, 0.00029485938876106177]

###### Original Calibration File ######
## General sensor definitions.
#sensor_type: camera
#comment: VI-Sensor cam0 (MT9M034)
#
## Sensor extrinsics wrt. the body-frame.
#T_BS:
#  cols: 4
#  rows: 4
#  data: [0.0148655429818, -0.999880929698, 0.00414029679422, -0.0216401454975,
#         0.999557249008, 0.0149672133247, 0.025715529948, -0.064676986768,
#        -0.0257744366974, 0.00375618835797, 0.999660727178, 0.00981073058949,
#         0.0, 0.0, 0.0, 1.0]
#
## Camera specific definitions.
#rate_hz: 20
#resolution: [752, 480]
#camera_model: pinhole
#intrinsics: [458.654, 457.296, 367.215, 248.375] #fu, fv, cu, cv
#distortion_model: radial-tangential
#distortion_coefficients: [-0.28340811, 0.07395907, 0.00019359, 1.76187114e-05]
